
Nx = 200
Ny = 2

P = 101325
rho=1.059545;
cp=1007.04;
k=0.029155;

L = 0.1
v0=0.005

initProp=333.15;
leftProp = 273.15;
rightProp = 373.15;